100
11.2554593913028 2.16873355155189 100000
11.2926911966357 2.1962075604175 84975
11.401497707401 2.26196019450992 72208
11.5339105728323 2.35364509231903 61359
11.7185519338877 2.46998940318719 52140
11.9392889962026 2.57498008048704 44306
12.1736596295634 2.71736517886456 37649
12.4330322049054 2.86807101921313 31993
12.7263479680806 3.02391342983111 27186
13.0422845958524 3.18381992359572 23101
13.3818677902414 3.3420432690423 19630
13.7514526306885 3.50196934780895 16681
14.1393303775612 3.65911961786435 14175
14.55119736131 3.80886642140746 12045
14.9766377144317 3.95072698596408 10235
15.4361503251426 4.09958036842359 8697.5
15.9091139158104 4.21674172069564 7390.7
16.3814623882858 4.32439167334895 6280.3
16.8745385932555 4.42675815175774 5336.7
17.3727122866835 4.52034304494076 4534.9
17.8631060389421 4.59845928995413 3853.5
18.3604139135591 4.67681748880391 3274.5
18.8601033818808 4.75441133004661 2782.6
19.3461034180451 4.82957159673837 2364.5
19.8275462340616 4.91284706624018 2009.2
20.307153191514 5.00500900423426 1707.4
20.8032472443401 5.11919816854593 1450.8
21.301495959628 5.24840908006382 1232.8
21.7991912380925 5.40026074972514 1047.6
22.3127106962798 5.57485691938583 890.22
22.8387391550427 5.78075209147183 756.46
23.3626016872247 6.01457990177316 642.81
23.9110059660683 6.27637949339427 546.23
24.4553516606591 6.57388760726976 464.16
25.0677505837599 6.91003559043566 394.42
25.7081097776266 7.28481443843581 335.16
26.3963538802989 7.69505082051818 284.8
27.1270524160195 8.1474522673589 242.01
27.8860284007998 8.62354733373025 205.65
28.7340329641915 9.14275202699498 174.75
29.6307096115461 9.68741138003557 148.5
30.5826183543103 10.2625503811631 126.19
31.5842636092363 10.8586293742132 107.23
32.6631014048474 11.4888129991563 91.116
33.8038054882241 12.1338497774019 77.426
35.0132684301147 12.80209269803 65.793
36.305440538271 13.4949970603707 55.908
37.6223601773374 14.1968525455027 47.508
39.0081402531211 14.9221812338888 40.37
40.4742801960799 15.684043780722 34.305
41.9892554532409 16.4630825267158 29.151
43.5937250101464 17.3199556274439 24.771
45.2382248203919 18.1942428634254 21.049
46.929776943541 19.1140812247413 17.886
48.6699553833019 20.1029395059927 15.199
50.5015802065216 21.1801188796494 12.915
52.3249117360755 22.3401740759356 10.975
54.2519638570325 23.6337897871123 9.326
56.2559481545926 25.0591030324135 7.9248
58.3585660542233 26.6537255305583 6.7342
60.5645537161739 28.4265886670052 5.7224
62.9157220128819 30.4125465095668 4.8626
65.3839786309386 32.6123399668366 4.132
67.9942551823477 35.0279698063423 3.5112
70.870620854404 37.727382255917 2.9836
73.9612805443683 40.698729645506 2.5354
77.379907938889 43.9617066299167 2.1544
81.0917335270349 47.4819494287357 1.8307
85.1146606385257 51.3130039154482 1.5557
89.5846660754995 55.3800253479464 1.3219
94.4029533171358 59.7688395288673 1.1233
99.6421621227086 64.4781790152509 0.95455
105.29496576086 69.3917126087978 0.81113
111.565746916555 74.6320567365982 0.68926
118.11524675738 80.1974283217106 0.5857
125.326091233752 86.2761857788986 0.4977
132.736024825804 92.6963978876119 0.42292
140.95963677747 99.333403254116 0.35938
149.222283924926 106.497191968762 0.30539
158.350924675349 113.989424315849 0.2595
168.164999049737 122.505729289991 0.22051
177.921158799961 131.088225835295 0.18738
188.186051344423 140.042692917038 0.15923
199.542672255327 151.807808727236 0.1353
212.116614752353 161.133485751831 0.11498
224.454704012257 174.164263456879 0.097701
238.909292300639 185.189988678032 0.083022
253.777971337258 201.043580113124 0.070548
265.607337684589 215.630631104793 0.059948
282.67435425704 229.729607689236 0.050941
304.289837553347 248.787988724751 0.043288
323.693544573769 268.604827475619 0.036784
343.722204304727 290.687270746442 0.031257
366.377474315308 314.59828018673 0.026561
394.240509032959 335.786951394348 0.02257
424.489216022874 361.126498117951 0.019179
461.751054201337 387.204268318653 0.016298
489.380191136603 423.130062833547 0.013849
532.765951136216 459.571715502106 0.011768
563.101707455836 513.982218045017 0.01
